market,link,price,name,date,datetime,stock
torecolo,/shop/g/g016-127-SD-B/,66,【ポケカ】ＳＳ◇ヒバ,2022-12-09,2022-12-09 07:37:39,9
