market,link,price,name,date,datetime,stock
hareruya2,https://www.hareruya2.com/product/17802,700,ミロカロスV(SR),2023-01-10,2023-01-10 07:01:49,0
