market,link,price,name,date,datetime,stock
hareruya2,https://www.hareruya2.com/product/18596,150,パワフル無色エネルギ,2022-11-18,2022-11-18 08:46:14,0
hareruya2,https://www.hareruya2.com/product/18856,200,パワフル無色エネルギ,2022-11-18,2022-11-18 08:46:14,0
