market,link,price,name,date,datetime,stock
hareruya2,https://www.hareruya2.com/product/17485,50,ラムのみ(U){グッ,2023-01-04,2023-01-04 06:21:58,38
