market,link,price,name,date,datetime,stock
torecolo,/shop/g/g033-096-S2-B/,24,【ポケカ】Ｃ◇コリン,2022-11-14,2022-11-14 06:47:07,24
