market,link,price,name,date,datetime,stock
torecolo,/shop/g/g012-100-S3-B/,61,【ポケカ】Ｒ◇バシャ,2022-11-29,2022-11-29 07:22:50,10
