market,link,price,name,date,datetime,stock
torecolo,/shop/g/g015-070-S1A-B/,55,【ポケカ】Ｕ◇ウイン,2022-11-08,2022-11-08 06:33:44,0
