market,link,price,name,date,datetime,stock
torecolo,/shop/g/g302-190-S4A-B/,275,【ポケカ】Ｓ◇ウール,2023-01-08,2023-01-08 09:04:00,7
