market,link,price,name,date,datetime,stock
hareruya2,https://www.hareruya2.com/product/17688,700,ゴリランダーV(SR,2022-12-15,2022-12-15 06:44:52,0
